t6wu5c
0,1074791425
3,1074797575
4,1091599375
1,1091828783
2,3253992495
6,3254173695
6,37714640895
5,588276285439
5,1069430079487
2,1099511627775
0,15
4,24639
3,811839
2,135160831
1,1209954303
0,1241411583
3,826680438783
4,878215954431
6,1084475047935
5,1099511627775
1,4103
1,1074797575
2,1074805823
6,1276230719
4,1276624703
3,7725367103
5,7784103743
5,558144421887
6,970662608895
0,1099511627775
1,4103
0,4223
3,3153023
4,3350015
6,206262443519
3,206287633919
5,481568456191
2,489088843263
0,1039348531199
2,1099511627775
1,4103
3,3152903
6,3251255
4,204971063
2,7725358135
5,7733771327
4,33553906751
0,548949982271
0,824163958783
1,1099511627775
1,525184
3,528259
4,540571
6,806240155
5,839806975
6,52404580351
2,65293680639
2,134080364543
1,1096287256575
3,1099511627775
0,15
5,32895
2,1088639
6,51444863
1,51970047
4,3279486975
4,553840869375
3,554042392575
5,584115552255
0,1099511627775
1,525184
3,825439552384
2,825439553415
5,825439582095
6,826516471695
0,826516848639
3,826567229439
4,833022263295
4,970662608895
0,1099511627775
1,4103
5,20543
6,413951
4,50843903
1,1125637375
2,1140325631
2,2079588351
5,241860345855
3,1067299373055
0,1099511627775
6,49176
6,269271576
4,269468568
2,962879013784
0,962878923775
1,962883125247
3,966107496447
5,996180656127
0,996331749375
3,1099511627775
2,1031
6,50207
4,3202079
1,137677036575
2,138482605343
5,137773744127
6,206694678527
1,1031765229567
0,1047871356927
4,1099511627775
5,2055
0,31459335
6,31508511
2,3253783583
4,3354643487
1,3355168671
5,4282286079
3,17079205887
0,1047871356927
4,1099511627775
3,3075
1,31751
2,949767
3,3225320967
6,3258523647
4,3460243455
5,3489611775
3,828878356479
1,1069430079487
2,1099511627775
0,15
6,98367
1,360959
3,3509759
4,275284200959
0,825577410559
6,1031836504063
2,1039356891135
5,1039365308415
5,1099511627775
1,525184
3,623584
6,635878
0,126464998
4,550687847398
5,550695189478
2,963128564735
1,1083404426239
2,1086601560063
4,1099511627775
3,3075
6,27663
0,27903
2,486911
4,68820659711
3,481540173311
5,481554857471
1,489072098815
5,549218418175
0,1099511627775
6,24588
3,27663
2,7371791
0,16113499151
1,16113564799
4,84933737599
6,84934524415
5,222775738367
1,1047946854399
6,1099511627775
5,1051649
2,1068145
3,1080445
4,51510397
1,8656125053
2,8656257021
0,8858367999
0,266556405759
3,1091993337855
5,1099511627775
4,24624
1,31793
6,33684593
2,34195455
4,235915263
3,825674942463
6,825700120575
5,825707462655
0,841813590015
0,1099511627775
3,3075
2,537399043
6,537423631
4,806252431
5,806285311
5,69626490879
1,69655855103
1,1031862747135
3,1035087118335
0,1099511627775
4,3078
2,11326
6,8615128126
5,12916390974
3,13017152574
4,13017546558
0,270715584318
1,1095886502911
2,686993440767
6,1099511627775
2,1031
0,1151
6,1076890751
3,1089485951
5,1156824191
4,35566910591
0,67779165311
1,67779690495
4,618341072895
5,1099511627775
6,6147
1,22559
3,120959
5,383999
4,17205427199
3,120385305599
6,133276498943
2,134216547327
2,137304735743
1,1099511627775
1,262592
4,275280953792
0,825574163392
6,825574169539
2,828796444611
0,828796506111
5,833097768959
3,833122959359
6,1039348531199
2,1099511627775
5,8220
4,57468
1,64637
0,137573367037
3,137574154237
2,137691658239
6,138768547839
3,964207575039
0,1093056593919
4,1099511627775
5,2055
1,231463
4,243775
5,1077132351
1,1194589247
0,130043608127
3,130044198911
2,1092653744127
4,686993440767
6,1099511627775
6,6147
2,39139
3,826339
1,842751
5,30211071
5,1107099647
1,138780934143
3,964018831359
4,1067299373055
0,1099511627775
0,15
6,98367
0,99327
2,135234559
2,51691635711
5,52768524287
6,259027617791
3,1084466644991
4,1090907013119
1,1099511627775
2,1031
3,25631
0,26111
6,1076915711
5,35537350143
4,242098433535
1,248545082879
3,274340052479
0,274340511743
1,1099511627775
4,3078
5,8403982
2,8420478
3,209943678
1,210468862
4,550771851262
6,563663044606
6,580893277183
0,1096289352703
2,1099511627775
3,3075
0,3135
5,134655
1,67358207
4,73661951
5,611319807
2,9259974655
0,266958012415
1,274475253759
6,1099511627775
3,3075
4,15387
5,130107
6,51564903483
0,51564904443
3,51967950843
6,258227044347
1,1083398156287
2,1084475047935
5,1099511627775
2,1031
3,788231
4,3940103
0,3940223
5,138354687
6,206397448191
2,213917835263
4,213943050239
3,1039373697023
1,1099511627775
2,1031
4,13343
1,33600639
0,34583679
6,1111473279
4,104392014975
2,104420474879
0,136632729599
5,686792114175
3,1099511627775
5,2055
1,59407
0,59647
2,537455615
1,544796671
6,35005263871
6,860041637887
3,885430157311
4,1091991240703
2,1099511627775
3,393600
0,1075185025
5,1075193245
5,1108862365
6,52673635741
4,52677836191
0,602970947583
2,1084275720191
1,893252534271
6,1099511627775
3,3075
4,15387
5,81147
0,15809787
5,34476244219
1,35014032635
4,241575116027
1,266552213503
2,274072600575
3,1099511627775
6,24588
2,537420556
4,537519052
3,940565452
1,940521471
0,956250111
6,1056962559
0,1031849113599
5,1091993337855
5,1099511627775
6,6147
2,63523
1,7404579
4,108264483
3,108826623
5,117243903
2,137690611711
0,153796739071
1,274072600575
3,1099511627775
4,12312
4,61560
0,1044600
5,1173503
2,136308735
3,825575335935
6,877140109311
1,880363433983
6,1086622527487
2,1099511627775
1,525184
6,34177984
0,257732215744
4,257933935552
3,1083372962752
4,1083372965830
1,1083389759478
6,1083393965055
5,1084470853631
2,1099511627775
3,3075
5,11295
6,207999
4,25422975
0,257723460735
5,257723723775
3,260948094975
1,1086119211007
2,584115552255
0,1099511627775
6,98352
0,99312
4,103280641008
3,103280644083
2,103284867059
5,103554207743
3,106778578943
2,1069388124159
1,1069442662399
1,1099511627775
5,2055
6,51231
4,6354975
6,6551679
4,12916619391
0,270614657151
5,270614920191
2,273837195263
0,274340511743
1,1099511627775
1,65648
3,459248
4,68820632048
3,481540145648
0,481540145663
2,533096546815
5,534173435391
6,534186024447
0,1084470853631
2,1099511627775
4,12312
3,15387
1,277979
5,33881595
2,1114963451
0,551408173051
6,551811018751
6,603375792127
1,1084475047935
5,1099511627775
3,3075
6,52251
4,8453151
2,8912159
0,550301892607
3,553526263807
5,553996156927
4,554046586879
0,1069442662399
1,1099511627775
3,3075
4,200067
6,224655
5,4307778959
2,4341366207
2,4811390399
0,555104534527
5,615250853887
3,618408181759
1,1099511627775
1,7169
6,105521
4,16907321
0,64441416761
1,64441477119
6,64454066175
5,64689012735
3,67913383935
2,618206855167
2,1099511627775
4,24624
4,123120
3,910320
1,5108732
0,1079900157
6,104209446909
0,106359029759
5,106828922879
5,136902082559
2,1099511627775
6,49176
3,836376
4,839454
1,970750
6,103130517502
3,103143112702
1,103612939263
5,104689827839
0,136902082559
2,1099511627775
2,1031
4,13343
3,111743
6,898559
5,137842636287
1,137960093183
0,266809112063
6,267885477887
1,1093056593919
4,1099511627775
2,1031
0,1151
4,198143
3,6495743
5,544153599
1,8061394943
2,8120147967
5,248705425407
6,1073716658175
3,1099511627775
4,24624
6,33677424
0,33677439
0,257731715199
1,257732240383
4,257933960191
3,1083372987391
5,1091992282111
6,1098430545919
2,1099511627775
0,15
5,32895
1,558079
4,550561940479
2,550591316991
5,619545674751
3,619335122943
6,1031853309951
2,1039373697023
1,1099511627775
0,15
4,24639
0,25599
6,201450495
3,207748095
4,13117815807
3,13923908607
2,17146183679
5,137304735743
1,1099511627775
2,918016
1,1967619
0,1998339
6,1626111
4,3229143039
3,828668170239
6,880232943615
5,880053059583
3,892950544383
4,1099511627775
5,2055
0,2175
2,134143
0,195583
1,103146585087
4,128966720511
3,129772813311
5,134082460671
2,137304735743
1,1099511627775
1,525184
4,550561907584
6,550562104288
6,963080291296
3,963080294371
2,1066193096675
0,1070492262375
5,1070500659199
3,1073725030399
1,1099511627775
2,1031
0,1151
4,198143
5,17032703
1,60154963455
5,335435785727
6,541694879231
4,541698031103
2,549218418175
0,1099511627775
6,12294
3,799494
4,2899719
0,2899839
1,7520141183
3,832959168383
2,832976060287
6,858758446975
0,996331749375
3,1099511627775
2,1031
5,29711
6,1076919311
5,1076952191
4,1177812095
4,7632845951
5,67779165311
3,67779821567
0,137304735743
1,1099511627775
6,6147
2,22643
5,67360883
2,75757695
1,83098751
6,83361791
4,206644445183
3,258234384383
0,274340511743
1,1099511627775
4,98496
6,134709696
1,151503344
0,550444712944
2,1031749485552
5,1031751585778
3,1031751597055
4,1083391867903
3,1096289352703
2,1099511627775
5,2055
0,2175
1,402917759
2,3625192831
0,553918402431
6,553943580543
4,554044440447
6,566885220351
3,618341072895
5,1099511627775
4,12312
2,13343
6,1076902943
3,1077001343
0,1202830463
1,1203355647
5,16239935487
6,17045635071
1,979235766271
1,1099511627775
3,3075
4,15387
0,15867
2,29392379
3,3253763579
5,3791421435
5,38251855867
6,38650511359
0,1069442662399
1,1099511627775
4,98496
2,99527
1,7517340871
3,7523638471
0,7649467591
2,8186863559
6,832795779071
4,1039356862463
5,1090862972927
2,1099511627775
3,3075
6,27663
0,28623
1,537817039
4,605024239
2,13494108159
3,16718479359
5,33923530751
6,858959904767
1,1099511627775
5,2055
0,2175
4,6305919
6,107018367
4,13017086079
5,13151762559
0,270849800319
2,274072075391
3,548816289791
1,1099511627775
6,12294
0,137573314694
4,137575414919
2,137575529671
3,137576259583
5,137605627903
3,963044655103
1,970561896447
0,996382081023
6,1099511627775
1,4103
2,12351
5,143871
1,412585701887
4,416886962687
5,416920631807
3,442715601407
0,993008811007
2,996231086079
4,1099511627775
3,787200
2,788231
6,984935
6,1034111
4,51641304959
0,1082433455999
5,1082462824319
0,134211305471
4,137304735743
1,1099511627775
1,4103
6,53279
3,840479
5,906239
5,8248319
2,25786448895
0,26038107135
3,851342000127
1,858859241471
2,1099511627775
6,24588
3,27663
4,25820163087
6,25820261439
5,25834945599
0,26841578559
1,33419231231
2,583712702463
3,996231086079
4,1099511627775
0,15
1,525199
6,806224783
4,806249407
5,873456639
4,13783524351
1,975990416383
3,975996713983
5,1096289352703
2,1099511627775
6,6147
0,6207
0,7167
3,25197567
1,32538623
6,838238207
5,69155684351
2,1031765229567
4,1083405500415
0,1099511627775
3,98400
2,537494368
4,806323168
1,963013215200
6,963013221347
2,966235496419
3,1069415374819
6,1069415383039
5,1073725030399
1,1099511627775
5,2055
4,14367
0,14847
3,50395647
2,51313663
0,128900332543
1,129370160127
2,1091979705343
5,1093056593919
4,1099511627775
6,12294
3,799494
6,848670
0,1075640095
4,1176499999
5,9795794719
2,16240115711
1,17079205887
0,1047871356927
4,1099511627775
5,2055
1,133351
3,920551
2,51268599
4,57572343
6,258997239
0,257957034999
2,261179301887
3,1086618329087
1,1099511627775
6,6147
1,531331
2,3222806403
3,3222904803
6,4028604387
0,1034820755427
5,1034837544959
5,1064910704639
2,1093056593919
4,1099511627775
0,15
4,24639
3,811839
6,25783198527
1,576478536511
5,576596009791
0,1091992085311
4,1091792863231
1,893151870975
3,1099511627775
6,6147
5,14367
0,14847
5,1076903423
1,1882734591
2,1899626495
6,70820560895
4,77275594751
2,137170518015
5,1099511627775
3,3075
1,528259
3,3224899459
4,3224911771
0,72011562971
6,72028389371
1,209601949695
5,213909503999
3,1039348531199
2,1099511627775
6,6147
2,924163
0,924223
6,12892117567
3,12917307967
4,12917406463
2,16139419647
4,67779690495
0,137170518015
5,1099511627775
1,4103
1,1074797575
2,1075715591
4,1075814087
5,18306031303
3,24754773703
0,33352794111
4,583914176511
6,996382081023
6,1099511627775
3,3075
0,3135
5,134655
2,4357631
2,474381823
3,3698753023
1,55271947775
4,68182015487
0,618408181759
1,1099511627775
5,8220
6,14367
0,550293223967
3,550293617567
1,550763445151
5,551840333727
4,558295367583
6,558312128511
2,618408181759
1,1099511627775
2,1031
6,1076890631
5,16113470471
3,16113864071
0,566407073671
4,566407085983
2,566407167999
3,979126681599
4,1047946854399
6,1099511627775
1,4103
0,4223
4,201215
6,6495743
5,240591773183
2,240650526207
1,248167767551
5,523448589823
0,1073716658175
3,1099511627775
3,3075
4,6306819
1,7523548163
0,7523548223
2,7524466239
6,7725891135
5,7784169471
0,136633188351
4,686993440767
6,1099511627775
2,1031
3,25631
5,91391
5,117564671
4,117958655
1,7635199999
0,1038427351039
1,130453340159
2,1093062885375
3,1099511627775
6,6147
6,30735
1,555919
3,825439583119
0,825440074639
5,829749721999
2,832971882495
3,833022263295
4,970662608895
0,1099511627775
1,4103
4,53351
6,206259146855
5,214874255463
4,219175516263
0,219176499303
2,222397833215
3,222800879615
1,1047946854399
6,1099511627775
5,2055
2,18551
2,3222293623
1,3222818807
5,3231219711
3,3432742911
4,553994125311
6,566885318655
6,584115552255
0,1099511627775
2,1031
3,25631
4,222623
0,15951263
5,553609119
1,788522911
2,30870071199
5,993204797439
4,996331749375
3,1099511627775
1,4103
6,53279
2,1081135135
0,1081135615
0,551374345215
3,551777391615
5,560392500223
4,611962585087
6,618408181759
1,1099511627775
3,3075
1,528259
6,724963
5,733183
2,8077311
0,16114204671
4,566675587071
6,979193774079
2,979235766271
1,1099511627775
5,2055
4,14367
3,211167
2,3222486239
4,3247701215
1,140921535711
0,416068140511
0,966361317375
6,979218989055
5,1099511627775
4,3078
3,790278
3,825439817478
2,825574166470
5,825574195150
6,825574292479
0,825590021119
6,1031849114623
5,1091994386431
1,1099511627775
4,98496
1,1148099
0,252806339
3,253593539
4,253599695
3,825692626895
2,825556418559
1,842753114111
0,858859241471
2,1099511627775
5,2055
2,3222277127
1,3222802311
5,3231219591
6,16122412935
6,33352646535
3,33554169735
4,583989723135
0,970662608895
0,1099511627775
4,49248
3,52323
2,184291
5,68820389859
6,206662258659
4,206662270971
0,206677999611
1,1031849111551
5,1091991240703
2,1099511627775
6,6147
3,30747
6,424155
0,550293633755
5,550327286523
1,550334361599
4,653614903295
3,679409872895
1,1091991240703
2,1099511627775
1,525184
3,528259
5,536479
2,7880607
0,16114007967
6,16114204671
4,566675587071
2,566734340095
6,979235766271
1,1099511627775
4,3078
3,101478
0,251759718
5,260176998
2,260676607
1,268017663
3,825279643647
4,1031840727039
0,1047946854399
6,1099511627775
3,3075
6,27663
1,552847
2,34140095
0,64458649535
4,615020031935
5,615087337471
3,618311708671
5,1069442662399
1,1099511627775
6,6147
4,400131
2,8796943
0,8797183
5,550570441727
1,550577782783
6,963095969791
5,980225622015
3,1083405500415
0,1099511627775
2,1031
2,16794655
3,29389855
4,29488351
1,567276767
6,1643347967
5,36103782399
0,68316037119
4,274072600575
3,1099511627775
4,3078
6,789894
0,790014
5,68128254
1,8666476030
5,12967214079
3,64557153279
1,889728269311
4,1096289352703
2,1099511627775
0,15
2,16511
0,508031
1,8910975
5,550570555519
3,602160494719
6,615051688063
2,618273046527
6,686389460991
4,1099511627775
3,3075
4,15387
5,537673243
0,537423871
6,52102197247
2,64991297535
3,68215668735
4,137035841535
1,137304735743
1,1099511627775
0,15
5,32895
6,6327423
0,550299537023
2,558897872511
1,566415113855
4,566415310847
2,617971711999
5,893252534271
6,1099511627775
4,12312
3,15387
6,51564788763
0,51565034523
2,52646116379
5,53183279103
3,53284040703
6,877913964543
4,1084475047935
5,1099511627775
2,1031
1,33855
0,34815
3,403081215
2,17700390911
3,20924762111
6,20937351167
1,846016282623
4,858926350335
5,1099511627775
0,15
0,255
1,1074793727
1,1091599615
4,69911772415
2,70449168383
3,76897910783
6,77300760575
1,137170518015
5,1099511627775
3,787200
5,789255
2,822247
4,834559
6,403684351
2,963013229567
5,980218280959
1,980225622015
3,1083405500415
0,1099511627775
4,3078
0,3198
6,25181310
4,51665452158
3,51666239358
0,51666353151
1,602361691135
6,615252884479
2,618341072895
5,1099511627775
3,787200
1,550696125184
6,550763430784
0,1066159506304
4,1066159555552
2,1066159569896
0,1067234338815
5,1084464556031
6,1084477145087
1,1099511627775
4,3078
2,11326
5,14695486
1,15154302
5,550576798846
3,550626262015
6,619547196415
0,683971705855
2,686389460991
4,1099511627775
0,15
1,1074793487
6,1099971599
3,1100020799
2,1301412991
3,7750155391
4,7750549375
2,67913645951
5,618341072895
5,1099511627775
1,525184
4,537496
6,734200
3,737275
3,51118075
0,128900136955
4,679461515263
5,679476199423
1,686993440767
6,1099511627775
0,15
3,49215
4,246207
1,8649151
0,550301858751
5,825582681023
6,838473874367
2,841696083967
3,893286023167
2,1099511627775
6,6147
2,3222281219
4,3222305843
5,3289611379
0,3321068659
4,3724508275
1,55296774143
1,55821991935
3,68719476735
0,1099511627775
2,1031
6,50207
2,968223
4,137641313823
5,146256422431
6,147333312031
5,267625950751
1,274072109055
3,584115552255
0,1099511627775
3,3075
6,52251
4,8453151
2,1089535007
1,1089993823
0,33302248543
0,583595032575
5,583712505855
5,858859241471
2,1099511627775
4,24624
3,811824
1,818993
1,135055359
4,235915263
6,261093375
6,1337982975
0,259036020735
5,274072600575
3,1099511627775
1,4103
4,4301264903
2,4301273151
3,4302060351
5,4302289791
6,12917406591
0,13924039551
5,134216678271
2,137304735743
1,1099511627775
2,1031
3,3224372231
6,3236961287
0,3236961407
0,3237084287
4,3237478271
1,828408463359
2,858490011647
5,996331749375
3,1099511627775
4,24624
6,33677424
2,34595440
0,257732633200
1,257732233215
3,1083171260415
5,1091786369023
6,1092863258623
1,892950544383
4,1099511627775
0,960
2,550293472192
4,825574163392
3,825574166467
5,825574174687
6,877138948063
3,880363319263
6,1086622412767
2,979218989055
5,1099511627775
4,3078
1,68726
0,130166
3,103180008566
0,240753310966
5,241022000127
2,244244275199
4,261449318399
6,274340511743
1,1099511627775
0,1074791425
3,1074797575
4,1074822199
1,1075084791
2,3237248503
5,3304586743
0,553597788159
6,656727334911
3,1069438468095
5,1099511627775
2,1031
1,33855
6,12622911
1,12885503
0,550306095103
2,567603404799
3,570827775999
4,846016282623
5,1086601560063
4,1099511627775
4,98496
6,123084
3,910284
0,16638924
1,956294092
5,35426087935
2,36453744639
4,62273880063
0,1093066031103
6,1099511627775
2,1031
1,132327
3,919527
6,968703
6,26146815
4,137666492415
5,137673834495
0,153779961855
3,979218989055
5,1099511627775
1,4103
3,28703
0,125857823
6,132152351
5,669810207
4,669908703
1,206962393087
2,1031864811519
1,1039348531199
2,1099511627775
2,1031
0,1151
3,788351
6,1077677951
4,1178537855
0,1178468351
5,61324787711
1,612020125695
4,618341072895
5,1099511627775
2,1031
3,25631
1,255039
5,537912895
6,550043647
0,64974553087
2,65092059135
6,890128433151
3,892950544383
4,1099511627775
3,393600
6,399747
0,550293609347
2,553515884419
4,553532686219
1,553532751867
4,622352920575
5,622367604735
3,1035087118335
0,1099511627775
2,1031
6,50207
5,115967
3,903167
6,1077792767
2,26855993343
1,33302642687
5,67779821567
0,137304735743
1,1099511627775
2,1031
6,1076890631
0,551370100231
4,551370112543
3,551370506143
4,557825539999
5,557825589247
3,970545102847
4,996365238271
1,1099511627775
0,15
1,65663
5,328703
2,940377087
5,969745407
3,104149623807
6,110403518463
2,111484600319
4,137304735743
1,1099511627775
0,15
6,98367
4,103280640063
5,103280771583
1,103284973055
6,103554195455
2,1066163740671
3,1069388111871
5,1086601560063
4,1099511627775
2,1031
0,1151
0,31871
3,3224403071
6,3225189887
3,16122674687
6,16525524479
5,16642473983
0,274340511743
1,1099511627775
2,1031
4,13343
0,13823
6,1076903423
1,1211350527
1,70048267775
3,70854360575
4,77292109823
5,136902082559
2,1099511627775
1,525184
3,528259
4,577507
6,25755619
0,64450265059
5,64685211619
0,1095477362659
3,270180257791
6,1095187300351
2,1099511627775
5,2055
4,14367
2,47359
3,834559
4,101694463
5,4411341823
1,30197939199
0,545594014719
2,548816289791
1,1099511627775
6,6147
2,3222281219
3,3222674819
5,3222683039
6,16113876383
0,566407085983
4,566407135231
3,979126648831
5,996365238271
1,1099511627775
6,98352
4,16900152
0,16901112
1,16905215
6,206275998719
4,210577259519
1,270715190271
2,270850325503
3,1096289352703
2,1099511627775
5,2055
2,134023
3,806226823
1,813567879
4,813580191
6,52378353567
0,68484480927
5,68518051839
0,893252534271
6,1099511627775
1,7169
3,400769
0,550293610369
5,550293618589
2,550293698559
3,963013212159
2,964094294015
4,1032914466815
6,1084477145087
1,1099511627775
5,2055
0,2175
5,8419455
4,58849407
0,257756887167
2,260979162239
4,261180882047
1,261181407231
6,274072600575
3,1099511627775
0,15
4,24639
3,3173439
6,25785560127
2,25785692095
5,25903165375
6,163745034175
1,988844851199
2,996365238271
1,1099511627775
4,3078
5,19518
0,15748158
5,15977598
3,16764798
3,825455791998
0,825694747647
6,851342000127
2,1091994386431
1,1099511627775
4,24624
4,123120
0,123135
2,1178879
1,940834047
5,35418012927
6,61200399615
5,67913383935
3,68719476735
0,1099511627775
3,787200
4,790278
2,823270
6,12892016614
1,13831671782
4,13831684094
5,31036735486
6,65497201663
0,1096289352703
2,1099511627775
3,3075
4,52323
1,134401507
1,412719959523
6,412745137635
0,963038347235
3,966262718435
5,1035082895359
2,1047946854399
6,1099511627775
3,3075
2,462083
0,550293671683
5,550297878279
4,550322839551
0,614747348991
3,617971720191
1,618005331967
2,686993440767
6,1099511627775
1,4103
5,20543
0,21503
5,550561666047
4,550612095999
6,550618390527
1,558135631871
4,661416173567
2,686792114175
3,1099511627775
6,134611200
2,481439383808
4,481439482304
0,481439482319
5,481447899599
1,482522693071
5,542669012431
0,1092962172927
3,996382081023
6,1099511627775
3,3075
1,19487
2,52479
5,970239
1,7518211583
4,7524515327
3,33319484927
6,67779428351
0,136902082559
2,1099511627775
6,269222400
4,269419392
2,962878964608
3,962878967683
5,962887368587
4,962920869887
1,1083196731391
0,885732147199
6,1091991240703
2,1099511627775
0,15
3,49215
1,574399
4,134988799
1,143391743
2,17440701439
5,18517590015
4,569078972415
0,1084475047935
5,1099511627775
6,6147
3,793347
2,3223068419
5,3357482883
6,209616576387
3,1035055603587
0,1035028271103
1,1069421662207
4,1082302398463
1,1099511627775
6,24588
5,4307578892
0,4307579132
2,4308497148
4,4358927100
0,133207945980
3,133207687167
4,683769069567
6,1096287256575
3,1099511627775
2,1031
1,33855
5,165375
0,251823615
4,264431103
1,1070262271
3,3953131519
2,124279324671
6,137170518015
5,1099511627775
6,269222400
2,962878767616
1,962878771719
5,962878903239
3,962878927839
4,967180188639
5,1036101057503
2,1039323332575
3,1065118302175
0,1099511627775
1,7169
0,7289
4,12614777
1,281508985
6,17511742585
4,120792284281
0,671085094911
6,671755534335
5,686792114175
3,1099511627775
1,4103
4,201095
3,3349895
6,272572295
2,7792959367
5,76747317127
0,76747317247
2,1039356862463
3,1039348531199
2,1099511627775
5,1051649
6,1063943
0,1064183
4,3228581111
2,3229499127
1,3296452607
4,553857835007
3,605447774207
5,1086618329087
1,1099511627775
0,15
6,98367
0,99327
2,7443455
5,66180095
4,103346721791
6,103604551679
3,106828922879
2,1069438468095
5,1099511627775
1,525184
4,550561907584
6,550561913731
3,550562012131
0,550687841251
2,963139050467
1,963121221631
5,963129638911
0,979235766271
1,1099511627775
3,3075
4,15387
6,802203
6,403651995
4,403173375
3,3627544575
0,3753373695
2,16642473983
1,841813590015
0,1099511627775
3,3075
1,528259
5,536479
4,585727
2,7929855
6,813629439
5,69633835007
6,121198608383
1,1083405500415
0,1099511627775
4,3078
2,11326
5,4301274174
3,4302061374
1,4436508478
6,13051427839
0,270749465599
2,273971740671
3,996231086079
4,1099511627775
1,7169
2,268705153
0,268705183
6,268901887
3,3493273087
5,3510107647
4,55150378495
0,605443588095
5,1086614142975
3,1099511627775
6,6147
1,22559
5,88319
4,17205131519
5,51665565951
3,51666353151
6,64557546495
0,1095349697535
2,137304735743
1,1099511627775
4,12312
3,799512
2,962610344728
2,963013129112
5,963014180761
0,963140009881
6,975913773055
1,1044643839999
4,1047871356927
4,1099511627775
3,3075
6,27663
0,27903
1,29392127
5,567049983
0,64991559423
2,65025081343
2,134214320127
3,137170518015
5,1099511627775
6,6147
1,22559
0,23039
4,50452991
3,856545791
5,1933434367
4,8388468223
6,77300498431
1,136902082559
2,1099511627775
6,12294
3,799494
0,799614
2,403583998
1,470807550
4,13380875262
5,13381926911
5,133674565631
2,1096284110847
4,1099511627775
6,6147
3,104547
1,120959
4,201840767
1,202365951
3,825641393151
0,825704307711
5,826772815871
2,841813590015
0,1099511627775
6,269222400
2,962878767616
6,962878816792
4,962879013784
0,962878923775
5,963113870335
1,963118071807
4,976028139519
3,979218989055
5,1099511627775
3,3075
2,7199
0,7679
1,268901887
6,4576460287
1,30363057663
2,133475859967
0,683769069567
6,1096287256575
3,1099511627775
4,3078
1,528262
3,825439555462
5,825439584142
0,825439960063
2,828662235135
6,841553428479
4,979193774079
5,979218989055
5,1099511627775
3,787200
4,799512
2,800543
1,931839
0,504248319
2,963113793535
6,964190683135
4,970645716991
1,996331749375
3,1099511627775
5,2055
0,2175
5,8419455
6,12899612799
0,12900595839
2,16122870911
6,33352187903
3,34158280703
4,137304735743
1,1099511627775
4,4200450
2,7347203
6,7371791
0,7372031
3,8159231
1,550703497215
0,566809624575
1,1047913070591
5,1064917008383
2,1099511627775
4,3078
6,52254
3,445854
2,7789982
5,8622898590
3,421342412190
5,490162617758
0,1040354115583
4,1091994386431
1,1099511627775
2,537395968
6,537789376
1,537796545
5,546209737
6,747579391
0,129596598271
4,129599750143
2,137120137215
5,1047921688575
3,1099511627775
1,525184
3,528259
4,540571
6,806240155
3,4030611355
6,4047437755
0,72834084863
5,77141639167
2,137304735743
1,1099511627775
4,3078
0,64518
0,550293274118
6,563184467462
4,563184664454
1,975770098687
2,975778544639
5,1044699413503
3,1096289352703
2,1099511627775
0,15
1,114719
4,508703
5,550562153247
3,550565302047
6,550590251007
2,558110638079
0,686959656959
1,686993440767
6,1099511627775
3,3075
5,11295
4,60543
0,550293270143
6,601858043519
2,614747143807
3,617971515007
1,618240016383
5,686792114175
3,1099511627775
4,24624
4,30780
0,31740
2,3178493
1,473006077
5,34883108861
1,35420895231
0,1066213046271
6,1091993337855
5,1099511627775
3,3075
6,27663
2,257167
3,3224628367
4,3762285967
5,8069201919
1,8539029503
4,33772535807
2,996382081023
6,1099511627775
6,6147
2,3222281219
0,3222281459
0,3223264499
3,106403142899
5,106419179519
1,657114517503
2,656320495615
4,1069442662399
1,1099511627775
0,15
6,98367
4,492351
5,8909631
3,12058431
2,7532445503
0,8035761983
5,68182081343
1,893151870975
3,1099511627775
4,24624
4,123120
6,103129669872
3,103130457072
6,103130463219
5,103600356339
2,1066209901555
0,1066224570367
1,1073729241087
6,1099511627775
3,3075
4,15387
2,933403
5,585727
0,252243967
5,266928127
1,7784169471
0,136633188351
4,686993440767
6,1099511627775
2,1031
1,33855
2,99839
5,269452799
3,282047999
4,34692134399
3,241051891199
6,242128257023
1,1067299373055
0,1099511627775
4,393984
1,825171510016
0,825674826496
3,825674829571
2,825682173699
6,825682272051
5,825690484735
5,885631483903
3,1091991240703
2,1099511627775
6,24588
4,123084
1,130253
0,15858893
0,1022491853
4,25903183871
2,163424763903
5,170943053823
6,274072600575
3,1099511627775
3,3075
1,19487
6,216191
5,537874047
4,17742917247
2,17750261375
0,18219663359
0,34325790719
1,274475253759
6,1099511627775
2,1031
1,33855
4,12641343
3,3237012543
4,3237209535
5,4176995775
2,20931084287
6,33822277631
1,858926350335
5,1099511627775
0,15
6,98367
2,1016383
1,5217855
3,29949951
4,550591332351
3,553815703551
5,622568931327
0,686993440767
6,1099511627775
3,3075
1,19487
0,19967
2,33803775
4,40107519
1,7557348863
3,33352318463
5,33889976319
5,274475253759
6,1099511627775
4,3078
2,19574
3,51589958774
5,51598359678
2,52135755646
0,68241883006
4,68510711806
0,885736340479
6,1091994386431
1,1099511627775
2,459008
0,550293668608
1,550293675777
3,550293724977
5,558896039935
6,559298889727
0,1074694965247
6,1075771854847
2,1093056593919
4,1099511627775
1,4103
5,8417295
3,8810895
1,8876543
3,412728390143
2,413809471999
4,482629644799
0,1032922854399
5,1093066031103
6,1099511627775
2,1031
3,99431
6,1076989031
1,1882820199
0,2134478439
4,2134490751
4,8170110975
0,1038962262015
5,686792114175
3,1099511627775
5,2055
6,198759
1,723943
4,550562106343
4,550595709943
2,550620883967
6,963139070975
1,963142221823
2,970662608895
0,1099511627775
5,2055
3,100455
6,12891293799
1,12891818983
5,12891847663
4,13093567471
2,16315826175
0,274013863935
3,1039365308415
5,1099511627775
6,24588
1,549772
3,552847
4,550561935247
2,550569279375
5,550569459711
2,550628212735
0,566734340095
6,979235766271
1,1099511627775
4,3078
0,3198
0,137573305598
1,137640529150
6,137665707262
3,137666493439
5,257959132159
3,1083398159359
2,1086620434431
6,1099511627775
3,3075
1,7517244419
4,7517293667
0,557810503267
2,557878070883
4,557883953151
2,566482288639
3,566885335039
5,584115552255
0,1099511627775
1,4103
4,28727
6,6323255
2,543719223
1,8060960567
0,8061247487
6,833097621503
5,841712730111
4,893151870975
3,1099511627775
1,4103
4,4301264903
2,7523539975
0,7523540095
5,7523803135
5,558085447679
3,558110638079
0,686959656959
2,686993440767
6,1099511627775
5,4110
6,67309710
3,68096910
1,550763434894
1,550797022190
5,550798073839
6,550806487039
0,1066202562559
4,1069430079487
2,1099511627775
4,12312
3,799512
2,800543
0,1046303
5,8159231
3,108920831
6,51673694207
1,257966473215
3,1083405500415
0,1099511627775
6,6147
4,30771
1,555955
2,201948147
5,1278836723
5,35688939507
6,61471326195
3,886508081151
4,1093056593919
4,1099511627775
2,1031
0,1151
3,394751
6,101107199
4,104259071
1,910090239
1,963116982271
5,963079307263
0,979185434623
2,1099511627775
3,3075
0,3135
2,4226111
1,4488703
5,30077648383
4,305358339583
5,339835518463
3,343059889663
0,893252534271
6,1099511627775
1,4103
2,12351
4,110847
3,898047
2,1081979903
6,9697096703
5,129989735423
0,130859139071
1,1093066031103
6,1099511627775
4,98496
2,99527
4,493511
5,550562138055
6,551639027655
3,551639052255
1,558085668863
1,558320582655
0,1073716658175
3,1099511627775
5,1051649
2,1055773
0,550294265373
4,550294314621
6,550361620221
1,550764535805
2,550779222015
0,1066175297535
4,1091993337855
5,1099511627775
3,3075
3,790275
2,1081872131
0,33294126851
4,33302527751
6,33302576927
6,33302642687
5,67779821567
3,893218848767
1,1099511627775
0,15
2,918031
4,1016527
1,5217999
6,13336575
0,64437846015
4,614999228415
5,1096169783295
3,979218989055
5,1099511627775
6,6147
1,22559
6,219263
2,103113021567
4,120318064767
1,120325405823
0,136431533183
3,136432189439
2,618341072895
5,1099511627775
1,7169
0,7199
3,25197599
6,25394303
2,103138196607
5,103675461631
1,133744427007
3,136968798207
4,137170518015
5,1099511627775
4,3078
6,52254
0,52734
4,6356478
2,73924094
5,30147083774
0,580440292351
2,583662567423
3,996382081023
6,1099511627775
1,7169
0,7199
6,203903
2,8649855
1,30077615231
3,33301986431
5,67779165311
4,68181688319
1,892950544383
4,1099511627775
5,2055
2,134023
0,134143
6,25312255
1,550720650239
5,619540855807
6,632432049151
2,634799521791
3,686389460991
4,1099511627775
3,3075
3,15375
0,16335
0,15744975
1,32538623
6,233963519
5,120526602239
4,532710162431
0,548816289791
1,1099511627775
2,1031
6,197735
4,3349607
3,3374207
5,120847487
1,60258778239
2,67779165311
0,136632729599
6,136902082559
2,1099511627775
4,3078
5,31758
1,556942
3,655342
4,202357759
6,13093551103
3,838532578303
2,841754853375
0,1039365308415
5,1099511627775
0,960
4,13272
5,33616888
6,51598390264
1,52538045432
3,52538048507
2,53619130363
2,259040210943
3,1084475047935
5,1099511627775
1,7169
6,31757
0,15760397
4,15858893
0,1022491853
4,25903183871
2,163424763903
5,170943053823
3,996382081023
6,1099511627775
6,6147
3,793347
0,1007426307
1,1057790755
5,2134679331
4,8363216895
1,77149999103
2,85748334591
2,137304735743
1,1099511627775
0,15
5,32895
4,100892799
3,104041599
1,550799379583
2,550803602559
6,601562939391
6,876844417023
0,892950544383
4,1099511627775
5,2055
3,789255
6,838431
0,32295711
5,32361471
1,972016639
2,4194291711
4,55821991935
0,1086614142975
3,1099511627775
3,3075
4,15387
2,81371
1,805912539
5,839516155
2,1920598011
4,2122313727
0,1032914464767
6,1084475047935
5,1099511627775
3,3075
1,19487
6,216191
6,1003007
5,30371327
2,103143173631
3,106367544831
0,107369463807
1,136902082559
2,1099511627775
4,393984
4,492480
5,550562137024
6,963080324032
0,963080324047
3,963092919247
1,964167712719
5,981397880831
1,996382081023
6,1099511627775
2,1031
3,197831
0,1006830791
4,1006843103
1,1057207551
6,2134097151
0,1032926248191
4,1038559215615
5,274072600575
3,1099511627775
6,6147
0,7107
3,403053507
2,520559555
5,4830206915
2,8052481987
1,833164873727
1,1073716596735
6,1073691492351
4,1099511627775
4,12312
2,13343
3,210143
0,1006843103
0,1031798994143
5,1031832597759
6,1083397371135
2,1083671052287
1,274072600575
3,1099511627775
4,3078
4,15390
5,17205066782
6,17205263486
0,33311390846
2,136424193150
3,136424848383
5,274065259519
3,1091994386431
1,1099511627775
2,1031
5,17471
6,33670271
4,36822143
1,37739775
5,66322431
1,550761660415
0,566867787775
2,686389460991
4,1099511627775
3,3075
6,27663
0,27903
1,29392127
4,68849564927
0,133274074367
3,136498445567
2,137035841535
6,137170518015
5,1099511627775
6,98352
3,101427
0,102387
5,8515579
1,14811135
2,149946367
4,25970081791
5,266555359231
3,1091994386431
1,1099511627775
6,6147
0,6207
2,120959
0,137573423359
4,154778466559
6,167669659903
2,170891934975
5,171160633343
3,274340511743
1,1099511627775
3,3075
4,397059
1,425735
2,940474119
4,940515327
0,1031732666367
6,1031833378815
3,1035057750015
6,1039365308415
5,1099511627775
1,4103
5,20543
4,119039
0,275146723839
3,275149872639
2,282670259711
5,420310670847
0,970603880447
6,1073733427199
2,1099511627775
1,4103
3,28703
4,127199
4,521183
6,6815711
5,137915531231
1,963086614527
2,963145367551
0,1091994386431
1,1099511627775
3,3075
0,550293212675
4,550293224987
6,550293618395
5,550327222011
6,601891995387
1,602361556991
2,602100727807
0,618206855167
2,1099511627775
5,2055
3,100455
6,12891293799
4,12891306111
5,12950042751
0,270648080511
4,270849800319
1,270850325503
2,274072600575
3,1099511627775
3,3075
2,7199
6,203903
4,12811391
5,13074431
1,825184190463
3,828408561663
2,858490109951
0,858959904767
1,1099511627775
4,3078
0,3198
5,8420478
0,9403518
6,17238719487
4,120519261183
2,123741536255
6,136632729599
5,548816289791
1,1099511627775
0,15
3,787215
4,811839
6,25783198527
2,25784254271
5,60194357055
1,60261531647
1,266554310655
3,1091993337855
5,1099511627775
4,196992
6,269419392
0,269419407
3,272568207
4,306171807
3,318668799
0,16424796159
2,979034341375
1,893252534271
6,1099511627775
2,1031
6,50207
5,115967
3,903167
2,1081985023
5,121374623743
4,134284691455
0,135142572031
1,1097349464063
2,1099511627775
0,15
4,24639
6,12613695
3,12810495
1,281508863
5,398982143
1,825570098175
5,826646986751
2,1067299373055
0,1099511627775
3,3075
4,15387
4,64635
2,1081146491
6,52645919867
0,52645982207
3,53049028607
6,259308122111
1,1084475047935
5,1099511627775
2,1031
4,395015
5,550562039559
1,550562096911
0,550813755151
6,550826344207
3,553983426559
1,553916563455
5,1035087118335
0,1099511627775
4,12312
2,13343
3,111743
2,29488255
6,30275071
6,1107164671
3,104287043071
5,242128257023
1,1067299373055
0,1099511627775
4,3078
4,15390
1,540574
6,17366974
0,68804018174
3,69207063551
2,129370160127
5,130447048703
2,1093056593919
4,1099511627775
0,15
3,49215
1,1074842687
5,1142148223
6,1167326335
1,1167851519
4,551729233919
3,558177976319
2,618341072895
5,1099511627775
0,15
6,196719
6,8609919
2,9665663
3,10452863
4,3237969791
5,3355312127
1,209648091135
3,1035087118335
0,1099511627775
4,24624
2,26686
6,2153805886
1,2154068478
0,3228859903
3,3430383103
0,553723592703
5,588133695487
5,618206855167
2,1099511627775
1,4103
4,28727
6,6323255
2,543719223
0,544006143
1,8061247487
5,16676356095
4,68316626943
6,893151870975
3,1099511627775
0,15
4,24639
5,156159
6,269378559
2,962878923775
1,962883125247
5,1031803994111
4,1044714061823
3,1047938433023
1,1099511627775
3,3075
0,3135
2,462143
6,25640255
6,126352703
3,3350723903
0,553643737087
4,828924428287
1,858926350335
5,1099511627775
0,15
2,3222275087
6,3222373439
3,3228671039
1,16121969727
5,33352186943
4,136632728639
2,136633188351
4,686993440767
6,1099511627775
3,3075
1,19487
2,52479
5,134728959
3,103314607359
6,103339785471
1,104145354751
0,136357609471
2,137170518015
5,1099511627775
0,15
1,4201487
3,3228572687
6,3236985887
4,3237084383
2,3237707775
5,3355181055
0,67779690495
4,618341072895
5,1099511627775
0,120
6,12414
4,2112639
3,2506239
2,68789190143
4,103199276543
6,128981663231
1,136498904575
3,549218418175
0,1099511627775
5,2055
1,34879
5,8452159
6,12899645503
3,12899842303
4,13437499903
1,133713361407
0,134216677887
2,136902082559
2,1099511627775
4,98496
6,134709696
1,134738372
5,34611917252
3,34611920327
0,584905072639
1,614974038015
2,1096278810623
3,1090862972927
2,1099511627775
6,6147
5,14367
4,63615
6,67369215
5,4377016575
0,519773092095
0,1070066301695
2,1073288576767
4,686926069759
1,1099511627775
3,3075
2,7199
3,3224378399
4,3224427647
0,3287342207
5,3825000063
1,4151967743
5,34225127423
2,274475253759
6,1099511627775
1,525184
4,550561907584
3,550561910659
6,550562107363
4,550562119675
0,1065958195195
1,1066193108987
5,1083398156287
2,1083405500415
0,1099511627775
3,3075
1,265667
4,275280956867
6,275281055219
5,275285261815
0,825578471415
3,828802842615
2,880359235583
6,1086618329087
1,1099511627775
3,3075
4,101571
2,7445699
5,8363459
0,16114490819
4,222675574211
6,222675025919
1,1047846141951
0,1047921688575
3,1099511627775
6,6147
5,14367
4,408351
5,17205459743
2,20427734815
3,20427833215
0,20931149695
6,33822343039
1,858859241471
2,1099511627775
6,134611200
0,550427820800
4,550427919296
2,1031732691904
1,1031732699073
3,1031732684799
3,1034957055999
5,1035074529279
0,1086620434431
6,1099511627775
1,4103
5,20543
4,119039
3,3267839
0,129096959
2,666492927
2,8186879999
6,832812613631
1,892950544383
4,1099511627775
6,6147
5,14367
1,243775
0,244735
2,29621247
5,1106509823
3,104286388223
1,654177206271
0,686389460991
4,1099511627775
2,1031
3,25631
4,124127
5,1041887
4,206562125279
6,206574157823
3,209798529023
5,244258963455
2,274340511743
1,1099511627775
0,15
6,50356239
2,51411983
5,30124571663
0,580417781263
3,580418174863
1,855765843855
4,858892681215
6,858926350335
5,1099511627775
3,787200
2,788231
6,1077677831
0,1077677951
1,1107042175
6,1174347775
1,1207959551
0,33420214271
2,274072600575
3,1099511627775
4,3078
5,19518
5,937278
3,101698878
0,257799736638
4,257805319167
2,261027594239
4,273937661951
1,686993440767
6,1099511627775
2,918016
0,918031
1,1075711503
6,1075809855
5,18306027071
3,18318163967
4,568879546367
1,583914029055
6,996231086079
4,1099511627775
2,1031
0,1151
5,4209791
6,205634687
3,206028287
2,481510800895
4,515920887295
0,1066214096895
3,1069438468095
5,1099511627775
1,4103
1,1074797575
0,9673128975
6,9942351375
4,9942548367
2,972552093583
3,979000835983
4,979000868863
5,1047955226623
2,1099511627775
3,3075
6,27663
5,14711823
1,15629455
6,14876671
1,7532118015
4,33352253439
0,33487323135
3,858926350335
5,1099511627775
0,15
0,255
3,787455
4,68820960255
5,69897848831
2,69927225343
1,620406767615
2,622568931327
0,686993440767
6,1099511627775
6,6147
5,1076894723
1,1077419907
4,1279139715
3,826718166915
0,826718166975
4,833173200831
3,833148092415
2,1039373697023
1,1099511627775
5,2055
2,10303
0,11263
4,100871167
6,8715987967
6,146557856767
1,971728972799
2,971701747711
5,1091994386431
1,1099511627775
3,787200
0,1075578625
4,1075584781
3,1075781581
6,26858168269
5,26858190847
3,852297218047
2,858741768191
2,979218989055
5,1099511627775
1,7169
4,31793
6,103129578545
0,103145307185
4,103145405681
0,103212632063
2,240771923967
6,266554310655
3,1091993337855
5,1099511627775
1,4103
0,4223
3,3153023
4,28367999
2,7548755071
5,7549018111
6,7951867903
1,833122983935
6,1039373697023
1,1099511627775
3,3075
4,15387
0,15867
2,135151099
5,168292351
5,550729936895
6,602294710271
3,605519081471
1,1086622527487
2,1099511627775
0,15
2,1055759
3,1842959
4,1941455
1,941596623
4,4169113551
0,1034961264591
6,1034969645055
5,1069430079487
2,1099511627775
3,787200
6,811788
5,844668
0,1075636093
4,1079836543
1,16114319231
0,153687621631
5,170926211071
3,996365238271
1,1099511627775
2,1031
4,13343
1,25786610719
6,25787397535
3,25787495935
6,26864385535
2,27098873855
4,33553907711
5,584115552255
0,1099511627775
6,196704
3,199779
1,724963
4,51640995811
5,51641004031
0,1082433155071
2,1082440499199
0,111350382591
5,1073691492351
4,1099511627775
1,4103
6,53279
2,117559327
4,117953311
2,1058001695
0,1061978111
5,31135137791
3,34124857343
3,137304735743
1,1099511627775
0,1074791425
6,1074816013
2,1075734029
4,1079934479
3,1079623679
1,16114106367
5,33319157759
6,34124857343
1,996331749375
3,1099511627775
5,16440
2,17471
0,18431
4,50448383
3,3274819583
6,3287408639
6,4093108223
4,106828922879
2,1069438468095
5,1099511627775
0,15
4,24639
6,25782411327
1,25782673919
5,26859562495
1,95696479743
2,233297149951
3,239745892351
2,274340511743
1,1099511627775
4,49248
0,49278
3,442878
5,235389438
6,51800162814
2,51802274302
0,52877065727
5,67913645567
0,274340511743
1,1099511627775
3,3075
4,15387
3,802587
0,815103
2,1081896959
6,52646670335
1,603342008319
4,671956860927
5,686993440767
6,1099511627775
6,196704
3,199779
4,212091
5,475131
0,16203771
1,825187319803
5,963096035323
4,988865884159
6,1091991240703
2,1099511627775
2,1031
0,1151
3,394751
6,12983807
3,3237355007
5,3354828287
1,4160659455
1,966275366911
2,1086601560063
4,1099511627775
0,15
0,975
4,25599
1,4227071
6,103133773823
5,103201112063
3,104007204863
3,107231576063
5,137304735743
1,1099511627775
2,537395968
4,537399046
2,544743174
6,545136582
0,545201151
6,825581575167
2,825590021119
5,1066175298559
4,1091994386431
1,1099511627775
0,15
6,98367
3,885567
3,7183167
0,1013816127
5,18244033343
2,21466308415
1,34225324031
1,996231086079
4,1099511627775
0,15
6,98367
2,1154111
4,1548095
5,550563192639
3,550588186623
2,550823198719
4,553983672319
0,618408181759
1,1099511627775
6,6147
3,30747
4,129243
5,268958171
5,1345846747
3,27140816347
0,577433989119
6,989952176127
2,1093064978431
1,1099511627775
6,269222400
0,1344013825
1,1344028163
2,963953573379
4,963953770371
3,963953741823
3,970402484223
5,1039323353087
2,1073729241087
6,1099511627775
0,15
4,24639
1,287231
5,2391551
6,25784778239
5,25902251519
1,33419492863
3,446139006463
0,996231086079
4,1099511627775
0,15
1,1074793487
6,1074891839
3,1075679039
4,26895814463
2,29057978175
5,29527871295
2,992107888639
2,996231086079
4,1099511627775
6,6147
5,16807955
3,17595155
1,17726451
2,3240001523
1,37633380351
0,38640013311
4,38646317055
0,1069438468095
5,1099511627775
6,6147
6,30735
1,7371791
2,7601295
3,8273919
4,137648619519
0,153754746879
3,979193774079
5,979218989055
5,1099511627775
2,1031
0,62471
6,1076952071
1,1077083367
4,7532117223
4,145172462823
5,145709834239
2,970612252671
6,1073716658175
3,1099511627775
3,3075
0,3135
5,67308671
2,74652799
1,75177983
4,550636560383
1,550670172159
6,602234945535
0,618341072895
5,1099511627775
0,240
4,100860144
3,101647344
3,825540674544
6,825540680691
1,825540738043
2,828763009023
5,833064271871
3,858859241471
2,1099511627775
1,4103
0,4223
4,201215
5,275281023487
3,275306213887
6,275312508415
0,825605718015
1,833122959359
6,1039348531199
2,1099511627775
6,134611200
4,134709696
0,550427919296
1,550427947972
3,550427893759
5,550545367039
2,1031850139647
3,1035074510847
0,1086601560063
4,1099511627775
6,6147
2,465155
1,806296323
5,1883184899
1,964090076931
5,972709371651
4,1041504145407
6,1092804935679
4,841813590015
0,1099511627775
2,1031
0,137573303431
4,137573352679
2,137575464167
1,145092705511
5,153712000231
3,153712787431
3,979151814631
5,1047946854399
6,1099511627775
6,269222400
4,269234712
2,269235743
0,269236223
1,403683327
2,963013228543
1,988799825919
0,988815554559
3,1091993337855
5,1099511627775
6,6147
3,30747
1,555931
4,50985883
2,3273260955
4,3474878463
5,3489562623
3,828828024831
6,1035087118335
0,1099511627775
6,269222400
2,962878767616
5,962878769671
4,962878966663
0,962878966783
3,962904157183
2,962911501311
1,963145367551
1,970662608895
0,1099511627775
6,6147
3,399747
5,432627
2,3222707699
1,106369097203
0,656662306803
6,656712650751
4,656718954495
5,686792114175
3,1099511627775
4,98496
4,492480
2,940540864
1,940569540
0,1031732720580
3,1031732666367
6,1036040224767
3,1039264595967
5,996382081023
6,1099511627775
1,4103
2,20599
4,217591
0,8598548991
6,25828782591
5,266414060031
4,270715320831
5,545996143103
0,1096289352703
2,1099511627775
3,3075
6,27663
3,3224398863
5,3258051631
1,3287415855
0,553580625455
4,553781870591
1,966149537791
4,1069430079487
2,1099511627775
3,3075
2,69059
6,68921003459
0,68921003519
1,76438244863
6,85053361663
1,136626556415
5,137164214271
5,1093056593919
4,1099511627775
3,3075
2,7199
2,64575
6,851391
0,16580031
5,83361791
0,16189489151
3,67779428351
4,274340511743
1,1099511627775
2,1031
1,526215
5,4734855
3,3229106055
0,3229351815
4,553790611455
5,583863771135
0,583863894015
6,686993440767
6,1099511627775
2,1031
3,25631
1,255039
4,3406911
5,3669951
1,825174720511
2,832695107583
6,867155574783
4,1073716658175
3,1099511627775
6,24588
4,25820160012
5,25820192892
0,25835921532
1,26305749116
0,576188969983
3,576592016383
4,580893277183
2,584115552255
0,1099511627775
3,3075
6,27663
5,60543
2,537456511
2,13426556799
4,13695385599
3,16919756799
0,1047711907839
6,858926350335
5,1099511627775
1,4103
1,529287
6,6823815
2,208216007
0,8806547407
4,559367929807
1,566885171151
3,566885220351
3,618341072895
5,1099511627775
1,525184
2,539528
4,550561921928
6,550562118632
0,567758781432
5,568835670008
1,569070576639
0,1084466652159
4,1093066031103
6,1099511627775
3,3075
2,7199
4,56447
5,319487
1,59047935
3,260571135
5,550822215679
0,583034470399
2,584115552255
0,1099511627775
1,525184
3,528259
4,550561910659
5,550561918879
2,550591295391
6,550591492095
6,963109679103
2,1066222481407
3,1069442662399
1,1099511627775
0,15
6,98367
4,492351
1,1075285823
2,2015334207
5,2023555071
4,2124414975
3,8573157375
0,1039365308415
5,1099511627775
6,196704
3,983904
2,984935
6,1034111
0,1007667071
4,1010818943
5,1040056319
5,121198608383
0,137304735743
1,1099511627775
3,3075
4,52323
1,268946531
2,268950655
6,206528044159
5,206557412479
3,209781783679
1,1034951983103
0,961133150207
2,1099511627775
4,3078
4,15390
3,802590
5,868350
1,940523518
6,1041234943
0,1031833385983
2,1035055661055
6,1047946854399
6,1099511627775
2,1031
3,25631
1,17209254943
4,17209648927
0,33315776287
2,33315809279
5,583877453823
0,855698833407
4,858926350335
5,1099511627775
1,4103
3,28703
3,3177503
1,17212406815
0,33318534175
4,33318928159
6,33520353055
5,584081768447
2,686993440767
6,1099511627775
1,525184
2,526215
0,1017735
6,1077907335
5,1086320527
4,26906455951
1,33352990719
3,858792017919
4,996382081023
6,1099511627775
2,1031
0,1151
5,264191
4,12871679
5,80209919
2,1020258303
3,4244629503
0,1035036780543
3,1086620434431
6,1099511627775
0,15
6,98367
1,4299839
3,3228671039
1,16121969727
5,33352186943
4,136632728639
2,136633188351
4,686993440767
6,1099511627775
0,15
1,65663
5,328703
2,59081727
3,65379327
5,535272447
2,3757547519
0,261455585279
1,1086601560063
4,1099511627775
6,6147
6,30735
3,817935
1,949231
4,137641294831
5,138718183407
3,964157210607
2,1067269996543
2,1067299373055
0,1099511627775
6,134611200
1,940442368
3,940445443
0,971902723
4,52612173571
1,59999260671
4,68601782271
0,978992496639
5,1047946854399
6,1099511627775
2,1031
3,25631
2,58623
3,25795028223
5,26063857151
6,60524324351
0,610817533951
5,1091988088831
1,1096284110847
4,1099511627775
2,1031
4,13343
3,800543
6,1077690143
0,1077706751
5,61224026111
1,61358473215
3,886797500415
4,893252534271
6,1099511627775
5,2055
1,34879
0,35839
2,67603455
2,3289878527
1,828460994559
5,828469411839
3,880059351039
6,892950544383
4,1099511627775
0,15
0,975
1,4202447
3,3228573647
6,3228671999
4,16138739711
2,16373751807
5,566642081791
2,1047946854399
6,1099511627775
1,4103
3,3152903
4,3251399
0,16109378759
5,16109395199
4,67749666047
3,67750453247
0,107231576063
1,1069438468095
5,1099511627775
2,1031
2,4299168775
5,4836826631
3,8061197831
0,8061198311
4,8162058215
6,833198432231
1,833181704191
1,1073733427199
2,1099511627775
3,787200
6,983904
4,51641254752
6,51641303928
0,51641181183
1,52580836351
0,1083372987391
5,1091992282111
2,1091993337855
5,1099511627775
3,3075
4,15387
6,51564788763
4,51564838011
6,257823931515
5,257958607995
0,274064735355
1,274065256447
3,1091991240703
2,1099511627775
2,1031
6,1076890631
1,1076923455
3,1077120255
4,1089727743
0,2096360703
3,52876804095
5,67913383935
5,618206855167
2,1099511627775
4,24624
1,31793
0,32753
1,134479857
3,940558335
6,2017447935
0,1032809598975
4,1084449869823
5,1073729241087
6,1099511627775
2,1031
3,6298631
1,7523539975
4,7523564599
0,7523565559
5,7590903799
6,110720450551
2,661013913599
2,686792114175
3,1099511627775
1,4103
4,102599
6,6397127
5,6413567
2,543809535
0,1047126015
1,8564367359
5,16777215999
6,841813590015
0,1099511627775
4,12312
3,15387
0,261147
6,421887
2,7766015
3,108527615
1,825279643647
4,1031840727039
6,1083405500415
0,1099511627775
3,3075
4,15387
5,130107
2,585727
5,940371967
2,947716095
5,69767921663
6,121198608383
1,1083405500415
0,1099511627775
3,3075
1,19487
6,134630687
4,134729183
4,141032927
0,550434209791
1,557951451135
5,592411885567
2,1073716658175
3,1099511627775
1,7169
0,7199
3,3224378399
4,3224575391
2,3224632767
5,3762225151
2,3879731199
6,828916105215
3,841813590015
0,1099511627775
1,4103
4,28727
6,422135
6,201847031
0,550495056631
5,670787695351
3,670790574079
1,1083376132095
5,1091991240703
2,1099511627775
4,98496
2,537494464
4,537519088
1,537523191
6,825573897207
0,825589625847
5,859661393919
3,862885765119
4,1069438468095
5,1099511627775
3,3075
0,3135
6,789951
1,34401727
4,168816127
3,3393187327
2,16281763839
5,566843408383
6,618408181759
1,1099511627775
2,1031
6,50207
2,4299217951
5,4299283711
3,7523654911
4,7524048895
1,7582777343
0,136431796223
5,274340511743
1,1099511627775
0,240
0,255
2,3222275327
4,3247490303
6,3650340095
2,966259885311
3,1069439763711
4,1072923148287
6,274072600575
3,1099511627775
1,4103
5,20543
5,268849471
1,327577919
0,129176596799
2,136696983871
0,686990193471
6,1096186396671
3,996231086079
4,1099511627775
3,787200
2,962610332416
1,962610336519
6,963013186311
4,967314447111
0,967314447351
2,970536722423
5,970545135615
5,970662608895
0,1099511627775
4,98496
1,102599
3,127199
6,6421727
3,25801391327
1,33318632671
5,33587461599
0,583880638463
2,686993440767
6,1099511627775
2,537395968
4,537420592
1,537427761
0,537708543
3,3762079743
6,828798453759
5,828827822079
4,880260677631
3,1086620434431
6,1099511627775
5,2055
1,460871
0,550293670471
2,553515945543
4,553515957855
4,553540747263
2,828687482879
6,841578676223
0,858959904767
1,1099511627775
3,3075
3,15375
5,58752015
0,32271006735
4,32271105231
2,33352187087
5,170992598223
1,171261296591
1,996382081023
6,1099511627775
2,1031
0,1151
5,4209791
3,3228580991
6,3430005887
4,3698834687
4,38108921087
5,68182080767
0,618206855167
2,1099511627775
6,6147
1,71795
6,96383
3,489983
1,68837407231
5,69914295807
0,620207505407
3,1032927019007
4,1039348531199
2,1099511627775
3,3075
2,537399043
1,537415455
6,537808863
4,544112607
5,962885222367
2,971533877215
1,979051118559
6,979218989055
5,1099511627775
3,3075
4,15387
0,15867
0,261627
0,15990267
6,206275083771
5,266421403131
4,266824314879
1,1091991240703
2,1099511627775
3,3075
3,3224374275
4,3224386587
0,3224387067
1,4030218235
5,4164894715
6,4265603071
6,55830376447
2,68719476735
0,1099511627775
4,3078
2,232582
3,1019782
1,17813430
5,26147839
3,825465175039
6,838356368383
0,1096054406143
2,858926350335
5,1099511627775
4,3078
1,232486
0,233446
6,137842102246
4,137842114558
3,241021992958
1,1066193108990
5,1083398159359
6,1096289352703
2,1099511627775
0,15
2,1055759
3,1104959
4,1498943
1,68673535
4,3296190463
3,54886129663
1,67779428351
5,618341072895
5,1099511627775
0,15
6,98367
3,3247167
1,3509759
4,275284200959
6,481543294463
2,533099695615
5,541702221311
0,1091991240703
2,1099511627775
0,1074791425
3,1074797575
1,1074854927
5,1075117967
2,2015166351
6,2015346687
0,1032807497727
3,1039256240127
6,1047871356927
4,1099511627775
5,2055
4,14367
1,145663
6,12891339007
3,12892126207
2,16114401279
2,978723946495
1,979193774079
5,1073691492351
4,1099511627775
6,98352
0,99312
2,135234544
3,825574261744
4,825591063544
1,885728994296
0,886803785721
5,886805884927
1,893252534271
6,1099511627775
0,15
5,57375
2,975391
4,137641320991
6,240770867743
2,240771432447
0,240771923967
5,270845083647
3,1096284110847
4,1099511627775
1,4103
4,398087
3,422687
3,3571487
1,17212800799
0,33318928159
5,583880572703
6,584081768447
0,1064917008383
2,1099511627775
4,12312
1,134361496
6,403583896
2,963013129112
5,980218180504
2,981299262360
3,981299360760
3,1084476089343
4,1086620434431
6,1099511627775
5,2055
0,2175
2,134143
1,67357695
1,550762695679
3,550775290879
5,551852179455
6,654177206271
4,1067299373055
0,1099511627775
3,393600
0,550293603200
1,550293668848
5,550293670903
2,553515945975
4,553532747775
2,1034837520383
0,843923324927
5,858959904767
1,1099511627775
4,12312
3,15387
6,212091
5,475131
6,101187579
6,51665960955
1,876837072895
3,880061444095
2,892950544383
4,1099511627775
0,15
2,3222275087
3,3228572687
1,16121871375
4,16121969871
0,17128602831
5,33419378687
6,171261247487
1,996382081023
6,1099511627775
0,15
2,28703
3,3177503
4,3571487
1,17212800799
0,33318928159
5,33352580927
4,136633122623
5,686993440767
6,1099511627775
2,1031
2,15375
6,113727
3,3224484927
4,3426204735
5,20656421951
0,536052497471
3,548949982271
0,824163958783
1,1099511627775
2,1031
4,13343
6,1076902943
5,1076968703
1,1194425599
4,7649459455
3,7650246655
1,213943025663
3,1039348531199
2,1099511627775
6,6147
0,6207
4,104703
0,550293314303
5,550763207423
3,550788397823
5,671081036543
6,683972229887
2,686926069759
1,1099511627775
3,3075
1,7517244419
2,7517359171
4,7517753155
5,558079397699
6,558104383487
2,970555592703
6,970656305151
0,1093056593919
4,1099511627775
5,2055
0,2175
1,527359
2,4750335
3,825443777535
5,826520666111
4,826722385919
0,858934640639
1,893252534271
6,1099511627775
3,3075
3,3224374275
2,3224378399
1,3224509695
6,7532068095
5,8069725951
4,145710071551
3,145760190463
2,970662608895
0,1099511627775
1,7169
5,40049
6,64637
0,129023
3,403175423
4,26223310847
6,27300200447
1,852471316479
5,1093056593919
4,1099511627775
0,15
1,525199
2,962610070415
4,962610095039
6,988392481727
3,988795528127
5,1023205630911
0,1091992282111
3,1091991240703
2,1099511627775
6,6147
1,268739
0,391619
4,275281082819
2,278503357891
6,484762451395
0,1035055599615
5,1039356862463
5,1047921688575
3,1099511627775
2,1031
1,33855
3,3224405055
2,3224471039
4,3426190847
4,37836277247
1,38642108415
0,1069434259455
6,1069438468095
5,1099511627775
4,4200450
2,7347203
0,7348163
3,108109763
5,108117983
1,645906399
6,825682280415
5,842853777407
1,1083405500415
0,1099511627775
2,1031
3,25631
4,124127
6,12713183
3,3237084383
4,3237478367
2,33319026655
5,583880638463
0,858959904767
1,1099511627775
4,2100225
6,2112519
0,2113479
2,19005383
3,422051783
1,825593110527
5,834195636223
1,841712877567
6,1047921688575
3,1099511627775
2,1031
4,13343
5,33666111
0,1040299071
6,2117188671
2,1206976511
3,2013069311
1,964018831359
0,996231086079
4,1099511627775
5,2055
6,12891195399
0,12891195639
3,12891982839
2,16114257911
1,566809595895
4,635629768695
6,686964072447
6,1069438468095
5,1099511627775
3,3075
0,3135
1,528319
2,643071
4,6946815
3,25801916415
4,576363298815
1,583880540159
2,618341072895
5,1099511627775
6,6147
0,6207
1,531391
4,13138879
5,80346111
2,962689891327
5,963766779903
6,1066896326655
0,686792114175
3,1099511627775
3,393600
2,481305166208
6,481305172355
5,482382060931
1,482382077343
0,516775402943
4,533980446143
5,549017025983
0,893286023167
2,1099511627775
4,12312
6,209016
3,212091
6,998907
0,16727547
1,25803324923
5,60263231487
4,266824314879
1,1091991240703
2,1099511627775
0,1074791425
1,1074805763
3,1075592963
6,9690709763
2,9690812415
3,16139554815
4,153779900415
0,153779961855
3,979218989055
5,1099511627775
2,1031
5,17471
4,115967
1,8518911
6,103138065663
0,135350320383
4,135350714367
5,685912358911
6,1098430545919
2,1099511627775
1,4103
3,28703
3,3177503
0,3178463
6,808878047
5,842530815
4,104123072511
1,120795955199
0,136902082559
2,1099511627775
1,4103
6,53279
4,4301314079
3,4302101279
5,4302167039
5,141942578175
3,967381605375
6,1070511152127
2,1073733427199
2,1099511627775
0,15
1,65663
1,1074859135
6,3228638335
4,3229032319
4,72049205119
3,72074395519
5,622635909119
0,687060418559
2,1099511627775
4,2100225
1,7519341569
6,7519353863
3,7519403063
0,76306054263
2,76306571263
5,84909096959
2,223287574527
3,274475253759
6,1099511627775
1,4103
0,4223
5,267263
2,8713215
5,550570357759
6,550576652287
1,558093893631
0,1073489969151
4,893151870975
3,1099511627775
3,3075
1,7517244419
0,7517244479
4,7517342975
5,7518260735
4,7524564479
6,16139157503
4,67779428351
0,136902082559
2,1099511627775
3,3075
2,7199
1,532383
6,729087
4,13336575
5,953122815
2,31034671103
3,34259042303
5,68719476735
0,1099511627775
6,196704
1,721888
2,103113524192
0,104188315617
5,104188323837
1,129974921213
4,680536303613
6,680548890623
6,1093067077631
2,1099511627775
0,15
4,24639
1,4226111
5,4455551
3,5111807
4,12915179519
0,270613217279
3,273837588479
3,858859241471
2,1099511627775
1,4103
6,53279
3,840479
2,1081922335
5,1081988095
5,9697096703
4,61337367551
1,62273880063
6,68719476735
0,1099511627775
3,3075
6,101427
4,25820236851
5,25820265531
2,25820721151
0,25836449791
1,26776104959
1,129650130943
5,1091991240703
2,1099511627775
0,15
4,24639
6,811455
4,12910879167
6,12944531967
3,12950829567
2,16173104639
5,16642473983
0,274340511743
1,1099511627775
1,7169
3,794369
3,825439821569
5,825439829789
4,825439879037
0,963013181437
2,963130685439
6,964207575039
0,1093056593919
4,1099511627775
5,2055
2,10303
6,8615127103
3,8615914303
2,8623258431
1,559318596415
4,610722971647
5,679677329407
1,686993440767
6,1099511627775
0,15
6,98367
3,885567
2,8229695
0,1014862655
5,927793151
1,963134685183
3,966359056383
5,996231086079
4,1099511627775
0,60
6,6207
3,793407
2,3223068479
4,20428111679
6,33319305023
2,67712646975
5,67779821567
3,893218848767
1,1099511627775
1,4103
4,53351
0,1036391
5,8616144999
0,9119461479
3,9121669119
2,16642056191
1,841385771007
4,1047946854399
6,1099511627775
1,262592
4,275280953792
3,275280956867
0,825574166467
2,825574170591
5,825574285311
3,828798656511
6,833106214911
5,1073691492351
4,1099511627775
2,1031
0,1151
6,787967
2,34571775
6,1111461375
1,7558110719
3,7582777343
0,136431796223
5,274340511743
1,1099511627775
1,1049603
2,1967619
4,1973775
6,2072127
3,26804223
0,64451313663
4,67678830591
5,136499036159
4,687060418559
2,1099511627775
0,15
6,98367
1,4299839
5,4431359
6,54787583
0,550347997183
4,653628538879
5,683701698559
3,686926069759
1,1099511627775
2,1031
1,7517242375
3,7523539975
3,7523564575
4,7523663071
2,7524286463
5,8464072703
0,8556380159
0,1039348531199
2,1099511627775
4,2100225
6,2112519
6,25784499207
1,25785024391
3,851224051591
5,851224068031
0,851224494079
4,988864839679
1,996382081023
6,1099511627775
2,1031
3,25631
4,124127
0,550293333727
2,558941988575
5,559210817503
6,971729004511
3,971735269375
1,979218989055
5,1099511627775
0,960
2,206225605568
3,206225608643
5,206229815239
4,206255030215
1,206792761343
1,206826373119
3,210050744319
0,274475253759
6,1099511627775
2,1031
6,50207
4,247199
5,4455839
4,12914523551
5,13452083199
2,219677687807
3,222902059007
6,1047938433023
1,1099511627775
0,15
2,918031
1,1075711503
6,1075809855
5,1083768831
3,7532511231
4,33352646655
2,33420214271
1,584115552255
0,1099511627775
4,12312
6,51564785688
3,51564788763
0,51564789243
0,601857998843
5,601891667963
6,670812602363
1,1083398156287
2,1096287256575
3,1099511627775
5,2055
0,2175
4,6305919
2,3228580991
5,3228844031
4,16138911743
1,841310027775
6,841712877567
6,1047921688575
3,1099511627775
5,268828928
3,268832003
0,550562041603
4,550562053915
1,550629044223
4,576449179647
5,576463863807
2,988915073023
1,996331749375
3,1099511627775
2,1031
0,1151
2,8447103
3,209970303
6,210757119
6,1287646719
1,7733772287
5,558295416831
4,584115552255
0,1099511627775
4,24624
5,28734
3,815934
6,34468734
2,120360661886
1,121300317054
5,123454094206
4,136364161918
0,137304735743
1,1099511627775
3,3075
0,3195
2,921211
2,13508223
6,63864447
6,264896511
3,3489267711
0,67913777151
4,618341072895
5,1099511627775
2,1031
6,1076890631
3,1076915231
4,1077013727
0,551370223327
1,557816872671
5,558085668863
1,558320582655
3,584115552255
0,1099511627775
5,2055
1,34879
2,100863
6,68921035263
5,69997923839
0,620291133439
1,1032876691455
4,1039331725311
4,1073729241087
6,1099511627775
2,1031
4,99527
3,886727
1,7518128071
6,7568484295
5,145208895431
3,970647922631
0,1084472893439
3,1090862972927
2,1099511627775
2,918016
1,925185
0,925245
5,68132477
4,80345087
6,1157234687
0,33369489407
6,136499036159
1,137170518015
5,1099511627775
4,3078
3,27678
4,126174
0,550293335774
2,550300679902
5,550569475071
6,963087662079
3,988882631679
2,1091994386431
1,1099511627775
1,525184
4,537496
3,825439564696
2,825439565727
6,826516455327
0,826516946847
1,964190781343
5,981395734527
5,996331749375
3,1099511627775
4,3078
2,921094
0,921574
6,970750
1,59699198
4,137700044798
0,266549063678
3,1091988090878
5,1096289352703
2,1099511627775
4,2100225
0,550295309825
6,550295322119
3,550295715719
1,550295724031
2,1031600496639
5,1040203022335
6,1040404447231
3,1091994386431
1,1099511627775
5,2055
0,2175
6,25180287
2,3247455359
5,3247718399
2,4187766783
4,4288626687
6,17129537535
0,1047921688575
3,1099511627775
4,12312
1,537496
4,550561919896
3,550763443096
1,550797030392
0,551871821817
2,551878115323
5,569078972415
0,1084475047935
5,1099511627775
1,525184
6,549772
3,648172
4,202367980
6,202374127
2,3424632831
3,828863660031
0,828895117311
1,1069430079487
2,1099511627775
5,2055
4,14367
2,932383
5,34601503
1,41451519
3,825480478719
6,825681903615
6,876844417023
0,892950544383
4,1099511627775
6,134611200
0,550427820800
5,550427886560
2,1031732659168
3,1031732662243
4,1031738965987
5,1066199400419
1,1073716641763
6,1082302398463
1,1099511627775
3,3075
2,7199
0,7679
1,67231231
6,4374789631
0,554667999231
5,829948821503
3,833173192703
4,858859241471
2,1099511627775
1,1049603
4,1055759
2,1973775
0,1589247
4,203309055
5,7721598975
6,33503985663
1,274055708671
3,1082214318079
2,1099511627775
6,6147
5,14367
0,137573316767
4,137573366015
3,137574153215
5,138651041791
2,138768547839
3,964207575039
4,970662608895
0,1099511627775
6,6147
4,67213347
0,67214307
6,67238895
3,470285295
5,1547173871
1,242098896879
1,1067269996543
0,1069430079487
2,1099511627775
3,3075
2,537399043
4,543702787
1,543719199
6,544112607
0,34937438207
6,859973812223
1,867491053567
2,1073716658175
3,1099511627775
5,2055
4,14367
6,211071
0,1006844031
5,2083732607
2,105196534911
1,130983132287
4,136632729599
5,686792114175
3,1099511627775
3,787200
2,962610332416
1,962610336519
6,962616631047
0,962616631287
4,1031436804087
5,1031445217279
5,1091591536639
1,686993440767
6,1099511627775
4,3078
0,3198
3,790398
4,7094142
1,74317694
5,30147477374
3,855586504574
6,958716051326
0,1096289352703
2,1099511627775
4,12312
0,12792
2,930808
6,1982458
3,52363258
2,962661908474
1,963131730943
5,963145367551
1,970662608895
0,1099511627775
4,3078
6,199782
2,103113002086
3,103113789286
4,103113801598
5,120318721023
1,120326062079
5,257966473215
0,274072600575
3,1099511627775
2,1031
5,537658887
3,3762030087
0,3762060807
1,3812425255
6,4214792191
2,210440396799
4,210050744319
6,1035087118335
0,1099511627775
5,2055
3,100455
6,12891293799
2,16113568871
4,16113581183
5,16172317823
1,16172449791
1,566867787775
2,686389460991
4,1099511627775
0,15
6,98367
5,229887
3,3378687
3,15973887
6,206275067391
2,257831468543
0,273937595903
4,274340511743
1,1099511627775
2,1031
4,13343
3,800543
6,997247
5,34461431679
0,1065253582719
6,1066330472319
2,1066359717887
0,137304735743
1,1099511627775
5,2055
4,14367
1,145663
3,932863
4,26147839
5,261094399
2,3483369471
0,261181407231
6,274072600575
3,1099511627775
0,15
2,918031
6,202342927
5,219144735
3,825658171935
1,825661882367
1,860055273471
5,890128433151
3,892950544383
4,1099511627775
6,6147
1,22559
4,17205065759
0,17205066719
2,17272634335
2,20494909407
6,33386102751
0,67779428351
4,274340511743
1,1099511627775
3,3075
1,19487
5,33672255
4,17238715455
5,17507544383
2,30396644671
3,33621015871
0,583914029055
4,686993440767
6,1099511627775
0,15
2,16511
6,25194623
3,25981823
1,33322879
3,825472350079
5,825606764543
6,1031830241279
2,1091993337855
5,1099511627775
1,4103
0,4223
1,805835391
4,818442879
3,821591679
6,18051825279
4,120862670847
5,258369126399
0,274475253759
6,1099511627775
2,1031
4,99527
3,886727
2,915415
1,940570583
0,1031732721623
5,1031740022783
5,1066200457215
4,1083405500415
0,1099511627775
6,6147
3,30747
2,63739
6,34460530939
5,34461448699
0,34492905979
2,37714653183
1,862885769215
4,1069442662399
1,1099511627775
3,3075
4,16804875
2,29391887
3,3253763087
0,37647088687
1,37647547503
5,588208259071
6,656307912703
2,686389460991
4,1099511627775
3,3075
0,3135
1,528319
5,757759
3,3225128959
2,3229351935
6,106358898687
5,136432058367
4,686993440767
6,1099511627775
0,15
0,255
6,34460467455
3,34461254655
1,51657950207
2,60256285695
4,64557546495
1,615252884479
2,618341072895
5,1099511627775
1,7169
3,3224378369
0,3224378399
5,3224444159
4,3224838143
6,7532396543
3,7582777343
0,136431796223
5,686993440767
6,1099511627775
1,4103
2,12351
0,13311
4,403452927
6,504165375
5,511507455
2,963121052671
3,988713844735
1,996231086079
4,1099511627775
2,1031
6,99383
0,100343
3,806193143
4,822994943
5,69777352703
6,69789941759
0,134214451199
3,137304735743
1,1099511627775
4,3078
2,11326
5,240766
6,1027582
5,15711742
1,132643839
1,825303759871
2,828526034943
0,892950544383
4,1099511627775
4,3078
3,790278
3,825439817478
5,825439833918
6,825465012030
0,841571139390
2,841571302399
0,851409108991
5,1091994386431
1,1099511627775
6,6147
4,104643
3,891843
2,900091
1,8241147
6,8623357947
5,128915996667
0,129788538879
1,1091991240703
2,1099511627775
3,3075
4,52323
6,25230435
2,25362403
5,260308963
3,1066373119
4,1072676863
0,1031864827903
1,1039365308415
5,1099511627775
6,269222400
0,1344013825
2,1344015887
4,1344212879
3,1344262079
2,963953807295
6,963978919935
5,964213866495
0,1093062885375
3,1099511627775
1,4103
4,28727
0,29687
6,6324215
1,544112631
4,594534399
2,26372734975
5,266958012415
1,274475253759
6,1099511627775
1,65648
0,137573368048
3,137573371123
4,206393543923
3,209617915123
2,209643089147
0,213942254847
2,214194192383
5,274340511743
1,1099511627775
5,2055
3,100455
6,50456679
1,50981863
2,3273256935
0,260971294695
5,260985978855
4,261187674111
3,1086601560063
4,1099511627775
6,6147
0,6207
2,3222281279
3,3247471679
1,3482385471
6,16373578815
4,16373972799
5,566868377599
2,686993440767
6,1099511627775
0,15
5,1076888591
3,1076937791
1,1077462975
4,1211877375
4,551773259775
3,603363198975
5,603367407615
1,1084470853631
2,1099511627775
0,15
6,98367
1,1074891839
2,1075809855
0,2082442815
3,8531185215
5,8576892927
6,33889976319
4,137170518015
5,1099511627775
3,787200
2,788231
6,1077677831
1,1077710655
4,1090318143
1,551785656127
3,603375595327
0,672023838719
5,687060418559
2,1099511627775
4,3078
6,52254
6,25230366
5,25296126
3,26083326
0,16132210686
1,17071864831
0,1047864015871
4,1091994386431
1,1099511627775
2,1031
0,1991
3,3224373191
6,3224471543
4,3426191351
2,7725359095
5,558287003639
6,558337351679
2,584115552255
0,1099511627775
4,3078
1,60430
5,134474894
3,135262094
2,142490623
0,268319743
3,825588973567
6,1031848067071
1,1039365308415
5,1099511627775
4,49248
3,52323
0,1035363
4,126975
1,537915391
6,825574289407
5,1066159566847
4,1091979702271
0,1091991240703
2,1099511627775
5,2055
6,51231
3,838431
2,3223113503
1,3223244799
4,3229548543
5,33302708223
1,33772535807
2,996382081023
6,1099511627775
0,15
0,255
3,787455
5,8129535
2,243141631
6,268319743
3,825588973567
4,851409108991
1,858926350335
5,1099511627775
3,787200
6,793347
1,8134403
0,16114261763
2,16114491267
6,16114401279
4,16139616255
3,841578643455
0,858926350335
5,1099511627775
4,3078
2,31766
4,50461718
1,50486271
2,3272761343
0,4279394303
5,7675576319
3,833114603519
6,1039373697023
1,1099511627775
6,24588
3,811788
4,5012238
0,1079803663
5,1147109199
1,16181591887
1,566876929871
2,566751133695
5,1047921688575
3,1099511627775
2,1031
4,13343
0,13823
5,537671679
6,1614561279
3,1715322879
4,8170356735
6,833206730751
1,858859241471
2,1099511627775
4,12312
0,550293221912
0,550293222392
1,550562116600
5,1031732671480
3,1031732674555
6,1031833382911
6,1083398156287
2,1096287256575
3,1099511627775
5,2055
4,14367
2,47359
0,1030399
2,30406911
1,550725744895
5,551801847807
3,654177206271
0,686389460991
4,1099511627775
1,4103
6,6298631
1,7523539975
6,7523589151
5,7523852191
2,8463900575
4,8564760479
0,1039356911519
5,1047871356927
4,1099511627775
3,3075
2,7199
0,7679
1,805838847
3,4030210047
0,4093124607
4,141272547327
5,171345707007
6,274475253759
6,1099511627775
1,4103
2,12351
3,405951
0,550293615551
6,558908732351
2,559989814207
3,972709327807
1,972773392383
5,1093066031103
6,1099511627775
4,393984
1,401153
5,466913
2,940515297
4,52580786145
0,1083372937185
5,1083389741055
4,1083392892927
1,1091991240703
2,1099511627775
6,6147
3,793347
3,990147
4,1014771
5,118488051
0,134216691
3,825573243891
2,1066224570367
1,1073729241087
6,1099511627775
4,12312
0,275146617112
0,825439826712
1,825439958008
2,825439959039
5,825473628159
6,826550517759
4,833005551615
3,1039365308415
5,1099511627775
1,4103
6,53279
0,125882399
3,129031199
2,7649418271
5,7649681311
2,8380121087
6,8581545983
0,1039373697023
1,1099511627775
4,12312
3,405912
3,412719919512
4,412719968760
1,515866358264
0,1066159567864
5,1083398157304
2,1084476089343
4,1086620434431
6,1099511627775
1,7169
0,7199
2,67181695
3,117562495
6,118349311
6,4425907711
5,142267121663
3,145491492863
0,274340511743
1,1099511627775
5,2055
2,10303
4,108799
6,8615225599
2,8622569727
0,558915779327
4,610556050175
1,610823831551
5,1091994386431
1,1099511627775
3,3075
6,199779
0,261219
3,3224632419
4,54864903267
5,55402139647
3,55427330047
4,261988413439
2,274475253759
6,1099511627775
2,1031
1,33855
0,34815
4,12642303
0,264300543
1,802088959
6,1878978559
5,964148854783
2,1084475047935
5,1099511627775
6,6147
3,793347
0,793407
2,135142399
1,202365951
3,825641393151
4,842846436351
6,855737629695
1,1096289352703
2,1099511627775
5,2055
3,100455
5,1076989031
4,1077001343
4,7532035199
1,33318632575
5,33587461503
3,136767339903
0,687060418559
2,1099511627775
0,480
6,49656
2,967672
1,2017275
4,137642362875
6,137644466175
0,153750593535
3,979189620735
5,1069438468095
5,1099511627775
3,787200
6,811788
4,5012238
0,5012478
1,15039495166
0,16114286591
3,841553313791
2,979126681599
4,1047946854399
6,1099511627775
5,2055
2,18551
1,543735
4,550561926135
3,550662687735
5,550671088639
1,550678429695
2,963129638911
0,979235766271
1,1099511627775
6,98352
6,122940
0,123900
5,4307678204
3,4307681279
4,30127816703
6,30933516287
4,134214057983
3,136902082559
2,1099511627775
1,4103
0,4223
5,267263
1,825171383295
6,825574233087
2,825582679039
2,833103066111
5,1073688343551
4,1096287256575
3,1099511627775
3,3075
0,3135
1,7517244479
2,7551028287
4,7557332031
6,16172448831
5,16709648383
0,274407686143
1,274475253759
6,1099511627775
3,3075
4,15387
2,933403
5,585727
6,806285311
3,4030656511
5,4265603071
0,68690112511
0,1069442662399
1,1099511627775
2,1031
2,4299168775
0,4299168895
4,4400028799
1,555095366783
3,558319737983
5,566079127551
6,841762865151
3,892950544383
4,1099511627775
0,15
2,16511
5,1076905087
6,18307138687
1,18307663871
5,18311872511
3,18513395711
4,569074778111
2,584115552255
0,1099511627775
1,7169
4,31793
6,33684593
0,257731722353
2,257732233215
6,258809122815
4,259010842623
5,267625951231
1,274072600575
3,1099511627775
0,15
4,24639
6,25782411327
2,25783329343
3,851222356543
5,851224460863
0,851476119103
1,858892337151
6,892950544383
4,1099511627775
5,2055
3,26655
2,59647
5,14743807
1,68851661055
2,72073936127
0,136498445567
3,136499232767
1,686993440767
6,1099511627775
4,98496
4,492480
3,495555
1,7517736899
2,8457785283
0,1039249936323
6,1039249960911
5,981395783679
5,996382081023
6,1099511627775
1,4103
3,28703
2,537424671
0,600339231
4,869168031
6,1070592927
5,2145288191
0,1032937439231
1,1047871356927
4,1099511627775
2,1031
6,197735
3,3224568935
3,3225356135
2,7524523879
1,558219861863
5,558236688247
0,566834888703
4,618341072895
5,1099511627775
1,1049603
3,1061903
6,1160255
2,51557561407
4,51557955391
1,54781280063
2,55721132031
3,68618616831
4,68719476735
0,1099511627775
0,15
5,32895
5,295935
6,403145727
3,406294527
6,206665388031
1,1031836504063
2,1083392905215
0,1086614142975
3,1099511627775
2,1031
4,13343
6,210047
0,550293419647
4,550318634623
1,550721550207
4,602361821055
5,602234945535
0,618341072895
5,1099511627775
3,3075
1,19487
2,52479
5,970239
6,26148351
0,32238403071
6,66698346495
2,67779428351
1,892950544383
4,1099511627775
1,525184
3,528259
6,552847
3,403599247
0,69190250447
2,1031799795663
5,1031814479823
5,1066224533503
1,1073691492351
4,1099511627775
3,787200
6,403636992
2,963013182208
4,963029984008
6,963042573064
4,1031862745864
0,1096287255304
3,1098178887679
2,841813590015
0,1099511627775
1,4103
6,53279
5,119039
2,1037055
5,8616145663
4,60256416511
0,1091048567551
1,1092123099135
3,137170518015
5,1099511627775
0,1074791425
4,1078991875
2,1079909891
6,1079934479
3,826518961679
1,841553444367
6,841754361855
0,841754853375
5,858959904767
1,1099511627775
3,3075
2,7199
4,56447
4,253439
2,4324580863
6,210583674367
5,211523460607
3,214202580991
1,274340511743
1,1099511627775
4,98496
0,98556
6,50454780
3,50457855
0,66186495
2,603582463
0,129452601343
5,266954866687
2,274475253759
6,1099511627775
3,3075
5,11295
4,60543
4,100920447
2,12990020735
1,12990545919
6,64555319295
0,1095347470335
3,137170518015
5,1099511627775
4,12312
1,537496
6,806237080
5,806239135
3,806337535
0,1031598488575
2,1034820763647
2,1069415383039
5,1073725030399
1,1099511627775
0,30
6,196734
1,203903
3,3224575103
4,3628014719
0,1034420165759
5,1068880600191
2,1086076354559
3,548816289791
1,1099511627775
6,12294
4,61542
4,2161767
0,2203647
1,539992063
6,206799085567
5,215401611263
2,266958012415
1,274475253759
6,1099511627775
0,15
2,3222275087
3,3223062287
4,3223160783
5,20453377999
3,845892405199
2,845894516687
3,858792001487
5,996382081023
6,1099511627775
0,15
4,24639
6,418047
5,68921286911
3,68927584511
4,81837652223
0,632130861823
1,683704056575
2,686926069759
1,1099511627775
2,1031
3,788231
6,984935
5,17811319
